6749
2 1294
1 8768
6 3984
1 1181
1 4117
5 9928
2 4206
5 4790
6 5137
5 4912
2 1721
2 3091
2 4273
6 3097
1 8544
5 2817
6 7622
1 8537
1 3487
5 8393
5 2809
1 1537
1 1449
5 4867
5 4533
5 6553
1 1772
2 617
1 1795
2 6529
6 2330
1 3647
1 7353
5 2937
5 4263
6 6215
2 9131
2 3174
6 6571
1 2007
6 2671
5 8284
6 5997
2 6046
6 1887
5 1914
2 6937
6 6892
1 889
2 7993
1 2534
5 1851
1 3318
6 4930
1 6682
6 3171
2 2752
2 9888
2 9268
1 159
2 4009
1 4961
2 2702
1 6599
1 7133
5 9086
6 1141
6 7063
1 7144
2 7790
1 7506
6 8346
1 7893
2 8067
2 6495
1 4143
5 4834
5 1141
2 5987
2 9474
6 3085
6 1321
5 3141
1 4901
1 5888
5 6880
2 9281
6 6471
1 9340
2 4148
5 2320
6 6580
2 6905
2 5488
1 3610
6 4609
1 9132
5 9167
1 89
1 4254
2 7013
1 9987
2 3892
1 5723
5 1239
5 359
6 2856
6 1461
6 3379
5 2874
1 7068
6 1204
5 8526
1 8511
6 5652
1 4630
2 2022
5 3710
2 3779
2 1387
5 7905
5 8268
6 396
1 5674
2 5786
5 6709
2 7220
5 2675
5 3205
1 5361
5 9418
6 7781
5 9224
5 2283
6 6460
2 2791
2 3247
6 9015
5 8782
2 3908
5 3646
5 4463
5 3976
2 648
1 6041
2 9224
5 5640
2 5756
2 4353
5 5880
2 9089
1 3806
1 6043
6 9502
5 8253
1 627
6 3270
1 9602
1 3674
1 503
6 9985
6 7551
1 4417
1 5285
1 819
1 4250
2 2694
1 5214
1 8294
5 8709
6 2907
6 6289
2 5539
2 4468
1 9246
6 8326
5 95
5 1138
2 3116
5 6682
2 4649
6 8744
1 23
1 8954
2 7627
1 2759
6 920
6 7525
1 2369
5 9335
5 3230
6 3062
1 6665
5 446
5 5936
1 7853
1 2743
2 3060
1 4757
2 2841
6 1928
1 2000
1 7829
2 8073
2 550
6 522
2 3836
1 6160
2 3882
2 3177
1 1361
6 5508
1 2455
2 879
1 9143
2 7502
6 4682
5 2134
2 3858
1 604
6 7703
2 8829
5 7978
2 9384
6 3572
5 8739
1 6275
2 4686
6 4440
6 2066
5 6851
1 3238
2 1686
2 2623
2 7593
1 1155
2 6527
6 4480
6 4920
6 6434
2 2288
5 1080
5 8316
1 9917
1 5408
6 4050
6 3733
6 5320
2 544
6 7027
5 7828
5 5646
2 7632
5 1009
6 9491
2 2205
1 8073
1 8708
5 3853
6 7448
2 1915
2 9210
5 8637
1 8131
2 7479
5 9436
6 1788
1 8359
5 3576
1 9749
6 3038
5 1584
1 7618
2 6346
2 3175
1 9381
5 2396
6 1106
2 8897
2 4827
5 2756
6 7828
6 2987
2 9118
5 2532
1 3425
6 3529
5 6105
1 1839
5 567
6 2632
5 7790
1 8871
1 1280
5 8638
2 1242
2 9030
5 8512
6 9060
5 3959
5 3547
2 4048
6 1285
6 8768
2 1892
6 2667
2 3953
5 5993
6 3006
1 9470
2 4135
6 4495
1 6355
2 74
6 5730
5 5163
6 159
1 5744
2 9839
6 4101
2 1369
2 6290
5 468
2 9990
6 10
2 9708
1 9066
2 5288
2 818
2 949
1 981
6 9814
6 6201
1 5490
6 989
2 7352
2 9693
6 6664
5 908
2 4213
6 5158
1 9046
5 5192
5 1960
5 5224
1 4299
6 3156
1 959
5 4509
6 352
5 2077
6 2093
5 3642
5 1547
1 7724
5 6732
6 2397
5 7018
5 4515
5 756
6 6338
6 9631
1 4533
1 8704
2 5062
5 2977
6 6903
5 2026
6 282
6 3535
2 1937
2 5479
6 4691
2 4397
1 3177
6 9873
6 7356
1 198
1 4700
5 1979
6 1670
2 2235
6 5204
2 1520
2 8010
6 3412
2 7819
1 2604
6 3409
5 4589
5 5127
5 6907
6 2788
1 8764
2 4188
6 1523
1 5337
1 1348
6 835
6 762
2 2602
5 8414
5 2153
6 7052
1 2197
5 7683
1 1152
1 2810
6 8929
5 6806
1 8569
2 16
2 312
6 3447
5 1364
1 4241
6 948
2 8339
5 7996
6 1780
6 8149
1 6494
5 4110
1 5668
6 9157
1 6890
6 9
6 648
6 5321
6 9013
2 8392
5 9135
2 8494
5 3789
6 6951
2 6936
6 1146
6 12
1 7058
5 6452
2 1261
6 945
1 5596
2 8751
2 7204
1 8168
6 2620
6 4997
2 5833
5 8993
2 4318
5 9425
5 8809
2 7800
6 1761
5 6592
6 9169
2 9819
1 149
5 1546
5 8221
6 182
6 6180
1 3844
2 8586
1 5866
2 8042
6 7710
6 7855
6 9498
5 5708
1 9325
5 231
6 2280
2 2802
1 6973
6 7970
6 1810
2 1818
5 7047
5 1907
5 1588
5 5186
5 5404
5 9172
6 4024
6 7244
5 2896
5 6213
5 9116
6 8402
5 4121
5 6522
1 8041
2 2437
1 8261
6 6746
2 5460
6 66
1 5083
1 9782
1 3021
1 1195
6 95
5 5492
2 9144
5 5357
1 1406
6 1163
2 2485
5 8310
1 3930
6 1855
2 229
6 8095
6 8892
1 8635
5 2253
2 1890
1 9331
6 3942
1 2944
2 3577
2 8633
5 6751
5 4808
2 8225
6 1303
2 7377
5 299
6 5256
2 1166
5 7204
1 7011
6 9554
5 9958
2 7149
5 3900
1 8410
2 8194
5 8124
1 2422
6 4165
6 1673
6 7097
2 6250
2 5302
6 8100
1 9714
1 9042
5 1908
2 4196
5 7906
5 8347
5 7754
1 4634
5 1806
1 8416
6 2492
2 916
2 309
1 1634
2 7525
6 7802
2 1185
6 5000
1 4774
5 7084
2 6367
6 8770
6 9469
1 7305
1 3872
6 1065
1 7694
2 7654
2 6433
2 9029
6 7252
1 4664
5 3422
2 8876
5 9704
1 3341
3 1406
1 9085
5 841
6 6782
5 5752
6 8017
6 8769
5 1449
2 6929
5 7218
5 458
2 7761
2 1121
2 8935
1 9020
1 8607
5 792
6 5520
5 2981
2 8034
2 6245
6 8112
2 6381
2 3860
2 7056
5 9374
2 6871
5 1026
6 4956
5 9745
2 7993
2 940
2 4332
2 9171
2 7331
2 5685
6 5180
6 9773
2 1189
5 3869
2 7950
2 7943
1 7775
6 5813
5 4088
6 3933
1 539
1 9308
2 6908
1 2631
6 7648
1 6895
6 5587
1 1103
1 3912
1 1335
5 1150
6 8410
6 839
2 6451
5 822
1 4310
6 541
1 6746
1 7103
1 3327
6 1755
6 9347
1 3969
5 393
2 6440
1 2893
5 4130
1 2351
2 2407
5 5622
5 9513
5 4371
2 3274
6 2749
5 4555
2 4175
1 6430
1 6807
5 6486
5 2580
1 1966
5 3287
5 306
5 1603
2 3678
6 6030
5 9500
5 2795
1 5814
1 3642
1 7753
1 3511
5 3797
1 7926
1 5867
5 7723
6 2979
6 6574
5 973
2 1054
2 3895
5 8458
6 6562
1 8002
2 7335
6 379
6 3541
2 359
2 972
6 4721
2 5153
1 3182
5 8302
1 9240
2 5910
5 1561
2 9130
6 7545
1 875
6 2603
2 2366
5 2256
2 4203
5 8692
1 8287
1 1247
5 4508
5 2136
2 5673
1 4691
2 2734
1 7846
2 5561
1 4938
6 5229
5 7917
5 811
5 6091
6 8872
5 9007
6 1482
6 1691
6 6408
6 5972
5 8953
6 1085
5 8679
1 3979
2 1367
2 4997
2 3090
6 4694
2 6445
5 3436
2 758
6 1968
5 8120
5 4362
1 3431
1 3559
5 7817
6 5728
2 8845
5 9267
2 613
2 3383
6 3899
1 7597
6 4090
3 9020
1 5403
1 890
5 2199
1 453
5 111
6 2648
2 2022
1 2817
6 3566
1 2436
5 2282
2 6625
6 151
2 4109
6 8828
5 8861
2 4744
6 6984
2 8466
1 5101
2 7933
2 5215
6 2955
1 7326
2 7123
5 228
2 383
2 3343
5 8209
2 2237
2 8702
2 7004
1 2292
1 724
5 4250
5 3942
1 9574
6 4261
6 4478
5 2816
5 587
1 734
2 2774
1 7921
6 2995
2 8553
1 4194
1 5230
1 7897
5 3403
5 9983
2 9808
5 3127
5 3181
2 172
1 1475
1 6529
2 5775
5 8381
5 4781
1 9115
1 3471
1 832
1 3733
5 7985
2 5261
2 9470
5 9117
6 8191
1 3736
2 5169
6 4719
2 2432
6 1842
1 3966
2 1774
5 8986
5 4088
2 8288
2 1046
2 1107
1 2881
5 5157
5 3434
1 2304
1 1430
6 7121
5 9538
6 2229
6 3092
2 5592
5 1346
2 4956
2 1929
2 1196
6 6859
2 6227
1 3264
1 6900
2 1762
1 4549
1 6878
6 3437
6 6755
2 5868
2 6961
5 4027
5 7930
1 1483
5 5516
6 4198
1 9659
1 8020
2 9802
1 9793
5 2087
6 6755
2 1375
5 8374
5 680
1 3731
5 361
1 2899
6 5190
2 6243
2 5775
5 7389
2 7538
5 1505
1 2173
1 1259
2 9996
5 2232
5 1654
2 7372
1 7591
6 2265
5 8475
5 4522
5 6713
5 9900
2 786
1 2706
1 8321
1 4697
6 4835
2 2201
5 9924
5 862
6 4972
1 2468
5 9284
5 9363
5 5965
1 8973
2 3956
6 2047
1 3354
5 8215
2 8201
5 6769
1 5882
1 1315
1 4763
6 1243
1 5687
6 3542
1 2656
5 5633
1 5824
5 9875
6 4253
2 1009
5 5717
6 1175
6 2434
1 8167
5 5081
2 8891
1 4138
1 3056
2 4606
5 2719
1 6817
6 5707
1 8868
2 966
2 9955
2 6797
5 740
1 379
1 2251
1 1661
5 4099
1 4115
6 47
1 1666
2 8044
6 8911
2 2305
6 7207
1 7258
5 6535
6 2740
2 9699
1 7862
5 7981
2 5406
2 1068
5 6286
6 6214
5 7075
6 3252
2 713
2 3481
6 4049
6 4116
1 8961
2 8911
2 8886
3 6160
6 322
1 8369
5 7133
1 6277
6 2932
2 5338
6 2566
5 9618
2 7967
1 4467
6 3689
2 1175
2 5648
2 9420
5 116
2 3957
1 6016
5 7702
6 783
2 6346
6 2278
6 3883
5 1316
2 6545
2 7172
1 5073
5 1552
6 4103
6 8327
1 5917
6 7458
5 2214
1 156
2 7544
2 1557
2 1738
4 95
6 1508
5 241
1 3119
6 4203
2 3802
5 9191
5 8949
2 7099
6 3324
5 1150
6 5707
1 6714
1 8844
1 8065
2 3657
6 3578
1 375
2 356
2 4308
1 4157
5 980
2 689
2 2384
2 8807
2 2799
5 8386
6 7095
2 914
5 8218
6 7969
5 5778
2 3028
5 5514
2 6811
6 8280
1 2975
6 8837
2 9575
5 4507
1 886
5 6330
5 5834
2 7077
5 6951
2 3829
1 4280
5 4997
5 1423
6 1708
1 256
5 4048
1 2106
5 1642
6 1077
2 5202
3 375
2 5064
5 8023
1 593
2 8726
6 2771
6 2296
6 4321
2 4197
6 9677
5 5796
6 6002
1 5382
1 5506
1 8405
1 2433
6 8408
6 1390
2 1647
2 1472
6 9678
5 896
2 4702
5 7040
1 4639
2 9239
5 1898
5 7670
5 8248
5 183
5 2203
2 4544
1 5061
1 2556
5 8439
5 655
1 680
1 7318
3 4757
6 6291
5 1919
2 9710
1 8301
2 4948
1 5156
2 3794
5 4233
5 5434
6 1535
5 4853
2 3403
5 6456
1 8837
2 4556
2 4036
2 5818
1 9430
6 8529
1 7723
6 2070
4 111
2 6483
2 8286
1 4366
6 9555
1 1076
6 7800
1 5268
5 5654
1 4367
1 9889
6 2175
2 5098
2 6901
5 8332
1 6115
5 3887
1 6334
2 129
2 6319
5 6470
2 8670
5 1277
2 1723
1 7864
2 929
2 7987
6 5849
5 585
5 8541
2 2055
6 5828
2 2929
2 6899
1 3140
1 2883
5 7079
1 8251
2 3192
1 7363
1 6983
5 6571
5 2932
6 7906
5 6111
6 7268
2 8429
6 3477
2 9087
1 8683
1 1007
5 625
6 2144
2 772
5 1038
2 663
1 7214
6 6626
2 5942
6 6125
6 583
6 3981
5 5389
6 3788
2 2137
6 9181
6 3627
1 2353
5 8993
5 2876
6 810
1 3267
1 9722
5 9202
5 6623
6 2994
1 598
2 2732
5 7011
2 1463
1 183
5 4106
6 4084
6 8692
1 309
2 4520
2 8541
2 9915
1 848
1 1991
2 6241
6 2282
5 6282
2 5468
2 6696
6 6607
6 5391
6 8411
5 1082
5 2955
5 3840
1 6402
2 2049
2 122
6 2170
6 7180
2 7662
2 3653
2 4990
6 8127
1 9805
1 4982
5 7137
2 51
5 7104
5 5555
6 2539
6 103
2 1128
5 3131
1 4746
6 7203
3 6665
1 1875
2 3853
6 7501
6 2848
6 1133
5 2927
1 2456
2 8798
1 8636
1 5025
1 571
2 5603
1 4554
5 1610
4 227
6 5636
1 2515
2 3494
2 2386
2 9884
5 8129
2 7240
6 164
5 521
2 4840
1 7804
6 1526
1 8524
5 4440
1 4060
5 2816
2 3004
6 6339
5 9089
5 6619
2 6072
2 7777
5 9833
6 6006
5 3726
2 1293
2 8152
2 3825
1 2816
1 3102
5 7527
6 184
5 3664
5 2181
2 7875
1 8647
6 1296
5 5671
6 7233
1 8523
2 7252
2 5777
5 2085
2 7007
2 4069
2 9106
2 8265
5 4904
2 7230
6 2891
5 8196
2 481
6 5455
1 9001
2 1140
1 9834
5 206
5 2440
6 5480
1 1308
1 1189
5 1149
6 4674
6 3206
1 763
5 5364
6 1728
6 482
6 2000
1 9367
5 5958
1 1514
6 7154
1 3088
2 9198
5 3144
6 5934
6 5303
2 2690
5 1988
6 560
5 8725
5 4752
1 9892
5 5706
5 1687
6 5701
5 7106
6 3984
1 1212
6 3804
6 9498
5 1985
1 5386
6 4674
1 7263
1 4057
3 4194
6 8483
1 1638
2 1364
1 1038
2 3142
5 1980
2 235
2 3875
6 2741
6 9643
6 8572
2 3754
1 2198
5 9607
5 6534
5 167
1 4845
2 1883
6 5954
6 4306
1 491
5 7362
5 1194
1 6687
1 9254
1 4769
6 8175
2 4183
2 3961
1 9217
5 6647
6 5391
6 7016
1 3086
6 44
2 7168
1 2340
6 9196
1 6408
6 9970
2 5524
2 9570
1 8269
2 5864
5 9515
6 8734
2 5372
1 5410
1 3463
5 3781
2 9855
5 4628
3 4299
1 6986
2 9012
2 4047
5 2037
2 866
5 9900
1 3562
2 2585
1 3439
2 5074
2 6883
5 4388
1 3377
2 8868
2 6300
2 5817
5 6920
6 6762
6 3484
2 3143
3 2351
6 7969
1 1303
5 6721
1 1262
3 4639
2 4059
1 6432
2 6518
6 47
1 5764
1 908
2 6204
6 4740
6 843
1 6928
2 2692
5 6570
1 5336
1 1888
6 3400
2 78
6 1424
6 1866
6 331
6 4201
2 851
1 2531
1 6353
1 6481
1 5826
4 56
5 1525
1 3988
2 5920
1 8951
1 6846
6 75
6 8979
5 7743
1 3436
2 7244
5 7436
5 4160
1 6226
2 4294
2 8934
2 7694
1 7945
6 3871
5 6600
6 6926
2 5505
2 6862
2 4077
5 2173
6 2150
1 1595
5 3321
6 9302
5 8793
2 4405
5 1907
5 2664
4 24
2 6664
5 3937
1 1504
5 6218
2 5142
2 2259
5 8728
2 8874
6 848
5 7144
5 3644
6 9674
1 6980
5 9908
1 3400
2 3350
5 8562
4 176
3 6665
2 890
2 646
6 9462
6 5857
4 146
5 4510
6 974
5 5879
6 5735
1 7865
6 761
6 6219
5 4771
5 8349
6 8538
5 7440
2 3791
2 2113
6 3808
5 4623
2 1766
5 325
2 6920
6 8270
1 9487
1 7798
6 1171
1 1162
5 8769
1 4069
1 8178
1 5614
2 8855
1 9147
6 2458
2 1776
5 6804
2 7875
5 3557
5 7917
1 1135
6 3244
1 7352
6 8147
1 4291
1 7190
5 6826
1 2735
1 4817
2 9496
2 2533
5 9498
5 3262
6 9133
5 6056
6 972
5 1204
2 1066
5 7431
6 7164
6 5450
6 9224
2 8593
6 1882
2 2007
6 7165
6 317
1 6952
5 6287
5 530
6 3904
6 3490
2 6819
2 7617
6 228
5 5747
5 9220
1 8548
1 937
6 1132
5 4973
2 1512
5 6874
1 9679
2 4047
1 365
3 5403
2 5304
2 6406
2 4180
5 2758
5 5009
6 7147
1 8606
1 8060
6 6755
2 1058
6 4016
2 7708
1 3010
1 2592
2 9839
5 7468
5 6070
6 6434
2 7059
2 1584
6 7957
6 6825
6 45
2 4367
2 4981
1 4904
2 4525
2 9292
6 5111
6 8539
1 6338
5 199
6 683
5 8262
5 4697
5 9991
5 6672
6 7711
2 4679
1 1426
6 4050
1 1178
2 7873
2 2947
1 2256
5 8260
1 5463
5 9706
2 4435
1 5943
5 4443
6 2028
1 896
6 8732
1 6136
2 5824
6 6548
3 2534
6 4885
5 4824
1 8286
1 8558
1 4888
2 4260
1 2623
6 1773
5 188
2 6901
1 8977
6 4396
5 7762
5 5890
6 4421
1 8575
5 1415
1 3934
1 7646
2 9514
6 1989
1 752
2 1893
5 8910
2 9187
1 3568
5 2963
6 4564
5 8369
5 3374
6 2060
6 4266
1 8597
5 8865
6 1758
6 3300
5 9388
5 8365
1 5180
5 8186
5 652
2 8839
4 400
5 4306
1 6005
5 5780
5 1836
1 1270
2 476
5 1319
6 6084
2 6614
6 1654
6 304
1 3448
1 2711
2 9187
1 5748
6 8687
2 5623
2 5605
6 1990
2 9048
1 6039
2 9411
1 3211
2 3071
5 764
2 8536
2 785
1 4532
5 3483
5 3392
1 2750
2 1450
5 846
5 7104
5 4395
2 9812
6 7798
1 7555
5 471
1 9492
6 5997
6 105
2 6509
2 3416
2 3025
5 1430
5 4386
5 2385
6 7300
1 52
1 9623
6 6605
6 7898
2 745
2 4275
2 6364
1 3692
1 9724
2 6878
4 88
1 1765
1 4920
2 4299
6 5732
6 8040
6 9241
2 9320
2 4243
6 2036
2 1790
2 7488
5 455
5 167
5 9597
2 2164
2 5035
2 1553
6 6808
6 9628
6 9661
2 3109
1 4243
2 9853
6 943
5 6656
1 4237
2 3342
2 3577
2 5595
1 3887
2 3924
6 2977
1 7512
5 8294
2 3382
6 2684
5 5598
1 6192
6 3110
6 3459
5 5797
6 1452
5 6613
2 354
1 9790
5 1076
6 1277
2 9913
1 9364
2 5046
2 5467
2 4034
2 2297
1 1612
1 7435
6 8534
5 443
2 482
2 3587
1 3251
2 2863
1 2558
6 6908
5 1848
6 9912
1 1747
6 2536
2 1370
6 6043
1 8761
2 1101
5 1271
6 3196
1 5907
5 4033
1 1410
2 4524
2 1246
2 6509
5 1401
5 2542
5 4463
2 7501
6 3827
5 4062
6 122
2 9135
1 5331
1 5998
5 1116
6 4587
6 3908
4 266
2 3728
1 2998
2 9060
2 2839
6 3103
6 6725
5 9521
6 7961
6 9584
6 1790
6 8333
2 1771
1 2428
5 8350
5 2826
5 6120
5 6257
6 1768
2 4382
2 7175
5 1621
2 3640
1 3093
5 7484
5 9103
6 8583
6 3964
5 7717
6 4957
2 5089
6 3668
6 4928
1 1027
1 248
6 3330
6 781
6 4646
2 751
2 7904
5 8686
2 7624
6 7094
1 6319
6 3366
2 9027
2 6396
5 6238
6 4710
5 6486
6 9682
1 4276
6 5242
1 720
5 9869
6 6661
1 6892
6 4908
2 3875
5 9444
6 3705
5 7168
6 3382
2 9223
6 9753
5 9613
1 3
1 3790
6 3272
5 2073
6 1826
6 253
1 5421
1 5115
5 7989
1 9198
6 5454
2 9326
2 1520
1 4935
5 3719
5 7621
5 4252
1 9737
1 5521
6 8874
5 6813
5 4156
1 4565
1 3228
6 3600
6 7420
1 7516
6 3643
6 5740
1 7941
1 2589
2 4184
4 136
6 6107
1 9288
5 640
5 6198
2 8101
6 4680
1 9571
6 5447
1 492
6 8342
6 3695
2 8225
2 9063
5 4705
1 6656
5 8967
2 2522
1 6058
6 1845
6 2197
5 9638
5 4081
5 2352
6 8964
3 1772
1 7369
5 1682
2 6215
5 9304
2 1211
1 2487
1 1513
5 774
5 3893
4 443
1 490
2 7517
1 2388
6 3737
2 8211
5 2099
1 8105
2 5207
6 5321
5 9853
5 4095
5 1492
1 5754
2 3103
6 4836
6 1484
6 2159
5 5158
1 4494
1 3323
3 5073
5 9444
5 6547
5 6094
2 7540
5 5057
1 727
1 4375
2 938
6 8977
5 8161
1 4066
2 2235
5 8705
6 8001
5 6023
6 418
6 9255
2 8112
6 1577
5 2357
6 9892
1 5872
6 7492
1 7458
6 9447
2 7898
5 5352
6 3589
1 3822
5 3940
2 831
3 6746
6 5908
6 1597
2 5640
6 2205
2 3852
5 8817
2 9296
2 3198
1 418
6 7132
1 6991
2 5120
2 4775
5 2083
2 9650
2 3980
5 4086
5 8252
6 7397
1 3899
1 1166
1 7570
1 2400
1 3250
1 4500
6 9082
2 3600
5 8683
5 6692
6 7129
5 2907
2 3538
2 6889
2 6727
6 3434
2 1273
5 25
6 7861
6 4664
6 8288
2 2308
2 4613
5 7254
6 7395
6 9570
1 4411
1 7967
1 2758
5 5781
2 4926
5 556
2 378
5 8489
5 5077
2 5510
1 482
2 6471
1 9174
2 6118
5 8049
6 873
5 1057
6 4445
2 1004
6 6821
1 454
2 689
2 7891
2 7224
3 5744
5 2198
1 4502
6 1116
2 572
5 1983
2 2081
5 2583
2 6286
5 5045
5 1301
1 6851
6 1805
6 7361
5 2842
5 131
1 431
2 3924
2 6287
1 7497
5 5682
1 8822
2 9106
6 8383
6 7486
3 5361
6 9302
1 7427
1 9111
5 9314
1 470
6 8516
5 2612
6 4568
2 6523
5 7434
5 9507
2 3601
1 6837
6 9473
1 8141
1 7371
5 2360
6 525
5 666
2 648
1 5090
2 4192
6 615
6 58
6 3681
6 741
3 5754
4 302
2 3181
6 3427
2 3491
1 7057
5 8880
2 7863
5 1042
2 9092
2 7395
2 90
5 4754
2 6953
6 1304
1 1508
6 1750
1 9859
6 9908
6 7570
6 1279
1 8330
5 915
5 9481
1 4876
2 188
6 3549
5 8040
6 4667
2 8101
6 7379
5 1007
2 8202
5 3870
5 9945
1 5108
1 3055
2 1458
6 9774
1 6095
6 7575
2 868
2 444
2 8959
6 4449
1 4875
6 9757
1 3383
1 497
6 261
2 7464
1 1462
3 3400
6 9272
1 3217
2 2282
6 4243
5 7214
1 2935
2 9052
5 9002
1 5054
5 9938
6 4147
1 7016
2 7715
6 9156
5 3882
6 3095
6 5458
3 8977
5 2387
6 5859
6 963
5 2760
5 3988
5 7462
6 1627
5 7322
5 9359
5 7756
2 8895
1 5200
1 4776
6 6381
2 8027
2 1897
2 7389
1 8797
1 8972
1 9477
2 394
5 4517
6 3893
1 8032
6 378
5 9954
5 3318
1 6538
2 3872
6 2282
1 9277
1 2442
1 5328
5 1815
2 9533
1 4011
1 5579
5 4881
6 4404
1 2231
2 4115
5 6420
5 8814
5 6828
1 8765
1 7908
2 6185
2 2614
5 615
5 9307
2 2967
1 9822
2 3996
6 6636
5 4624
1 9894
6 663
6 7761
2 2086
6 2425
1 9185
6 3653
6 6402
2 7915
5 2440
6 4806
5 1216
6 8506
5 3418
5 7035
6 4106
2 2114
1 9882
6 7574
5 9104
5 9326
5 5808
1 7166
5 7343
2 8519
5 5333
2 7409
5 5748
2 9242
2 4589
6 2849
5 1731
6 5543
5 5684
1 7879
6 2904
1 5150
1 4009
1 8685
5 6133
6 6819
5 2562
1 7701
2 4283
4 476
5 4990
1 5761
6 2915
1 318
1 3121
5 6518
6 23
5 6129
6 6160
1 9094
4 266
6 1831
6 1141
6 4748
2 3926
5 3596
5 874
6 127
6 6642
5 5463
1 566
2 7389
5 4774
5 5233
6 5313
6 2923
1 8308
1 19
5 6905
6 7091
1 9093
5 3426
5 8982
1 4880
2 106
1 9392
5 2869
5 5168
1 1816
6 5094
5 6758
6 1748
2 7499
5 8180
1 5442
1 5710
6 1687
6 3511
6 1265
2 2094
6 8417
2 5483
5 2710
6 666
1 784
1 8097
2 6662
5 7867
1 2396
2 6585
6 1
5 1514
2 1652
5 4465
6 4239
5 8218
5 4458
6 4155
1 3390
5 603
6 4536
2 9442
1 9285
2 2105
3 5073
1 2134
1 9024
6 5792
3 8647
5 1728
6 3584
6 6889
6 8659
4 268
6 8841
6 2360
5 2389
2 5397
2 710
6 2859
1 242
5 2233
5 5107
1 1025
1 2349
2 7864
6 852
6 2776
1 4212
2 9749
2 4909
2 5451
2 7162
1 652
1 9280
1 1768
2 329
6 8010
6 1177
3 6665
3 3341
2 63
6 9188
6 260
6 173
1 1360
6 3172
5 6785
5 1114
6 4057
2 4021
2 3616
5 8343
1 8832
5 9458
5 4578
5 6634
5 3528
6 5108
1 5592
5 6146
4 248
2 1793
6 5316
2 5636
1 5205
6 2293
1 9224
6 1315
2 6636
5 1813
1 1679
1 5849
5 5336
5 5442
4 199
5 4548
6 6401
5 3620
5 144
1 3875
1 522
1 4623
2 505
5 3353
1 8546
5 2785
6 6967
2 6690
6 1298
1 6011
5 7100
6 1431
2 2880
6 1455
5 4578
2 6230
2 2356
5 2144
2 6756
5 9749
5 4659
2 9547
3 8597
6 3481
6 4463
5 1168
5 3671
5 2234
6 3326
2 8656
2 8759
2 623
2 4275
6 2903
6 3389
5 3160
5 2934
1 141
1 3035
6 4508
6 3145
5 6094
2 9336
6 3305
6 1029
1 2833
6 1307
5 2550
1 3413
5 9937
6 1490
5 7992
6 7508
6 6608
1 4438
2 451
1 2336
1 5363
1 2046
5 4750
1 382
6 4365
2 2487
2 3533
6 8592
1 8146
1 549
1 6458
5 1060
6 4700
6 4600
2 3609
2 159
5 6448
5 5426
5 1398
1 3186
6 9436
6 1622
5 9052
6 4008
5 8886
1 212
2 1168
2 6415
5 2843
5 5392
1 7515
5 7321
2 1457
5 5342
6 6736
6 8220
2 2011
6 3821
6 5937
6 6849
6 3501
2 9477
6 5748
1 6864
6 7362
2 5289
5 8114
5 9208
6 4896
2 7075
2 4517
3 8405
2 1319
1 9680
2 6183
2 7331
5 3216
1 1874
6 1303
5 4504
1 259
2 8134
6 8925
2 4618
1 5640
1 2365
5 8703
5 7493
1 7699
2 1646
1 5843
2 6291
2 7762
6 2614
6 922
6 3803
1 5834
1 219
1 6083
5 5913
5 6852
6 5148
5 4313
6 9862
1 1834
1 4569
6 579
1 2205
6 5300
2 7091
5 6578
2 2488
5 3096
6 9119
5 6957
6 8811
3 6983
5 9609
5 4689
5 2315
2 4372
2 3959
2 5939
6 6953
2 7819
6 2638
1 6775
5 8886
5 3945
5 5308
6 9752
5 4926
2 4777
5 7118
2 9870
6 3508
1 8125
1 1730
5 6377
5 4240
5 9440
2 434
1 4292
1 9768
5 2698
2 8323
5 571
6 1686
2 6989
2 8526
6 597
1 3060
1 638
2 7348
1 3535
5 64
2 5324
6 4926
1 4039
2 8690
5 3535
6 2146
5 8369
2 9948
5 1758
6 8500
5 7376
5 5287
2 8414
5 9572
6 1470
1 1107
6 8923
2 1293
2 5041
6 2656
5 812
2 8529
2 1554
6 5111
5 6042
6 1591
2 750
6 7175
6 6103
6 11
5 1298
2 8647
1 9149
6 809
6 1403
6 844
5 7254
6 3872
5 2692
6 1339
6 1251
6 139
2 6402
5 6839
5 4592
5 5363
5 1059
5 1628
6 9897
1 4420
6 3351
2 2584
2 7749
5 6484
1 6760
6 5090
2 2118
6 8604
3 5054
1 4709
6 2759
5 4279
6 9231
5 1560
6 6221
6 7190
2 7877
6 3624
5 8642
5 231
2 4938
5 2634
5 6688
2 6153
1 4731
5 893
5 1734
5 3812
6 4912
1 2288
1 9656
5 4143
6 9198
6 4837
1 7246
2 8032
1 2742
5 5437
6 3217
4 489
3 5849
5 1541
6 4652
1 3852
6 1841
2 7128
6 9735
5 5868
6 1017
6 5684
5 7204
1 3417
2 8502
1 2182
1 6248
2 2587
1 5198
1 4898
2 9315
2 312
1 5006
2 1932
5 7722
2 8322
6 4451
2 5229
6 1969
1 394
1 3676
2 2068
2 7091
5 9169
6 1617
2 4266
2 3773
5 9993
5 5461
6 8609
5 9095
2 3583
5 7646
1 2311
1 1866
1 8865
1 7966
1 2891
3 4554
5 3257
5 59
1 4187
1 9210
5 3612
5 1401
1 6417
5 6848
2 3795
1 5875
1 4359
5 8185
1 467
1 8457
2 8826
4 362
6 1168
1 6250
4 457
2 2211
6 4099
2 82
2 9127
1 2593
2 8776
5 1247
1 5766
1 1621
5 8541
5 2770
1 8993
5 5881
5 8616
6 3161
1 278
1 5865
5 3453
2 3007
2 3805
2 5893
2 7115
5 6223
1 5196
5 9012
6 2964
6 973
6 7584
2 259
1 548
5 9266
5 7418
6 5321
6 438
1 9168
1 13
2 5811
1 7345
6 9370
5 3322
6 9858
3 6837
1 541
1 7859
5 8678
6 9098
1 9760
6 6327
5 1648
6 4324
2 5179
6 3500
1 9000
2 3557
5 3629
2 9633
6 2626
6 3612
1 3659
6 3699
5 4110
5 8680
2 680
6 7269
1 3882
1 632
6 9743
6 2634
2 3247
2 1654
2 4191
2 5112
5 1521
4 398
2 1302
2 1424
5 638
1 1260
2 62
6 2783
6 5064
1 6806
2 9338
2 2649
5 4335
1 7242
4 544
5 7493
1 846
1 8420
5 2970
5 3455
5 4834
2 9709
6 6119
5 6173
2 3414
6 9780
1 5612
2 544
6 8818
5 4135
5 5148
2 7418
6 8384
2 2777
2 7576
2 7129
1 9614
5 6691
1 1484
6 9914
5 5353
2 9069
6 7222
5 9884
1 5649
6 602
1 6700
2 6269
1 1702
5 6124
1 7938
5 8227
6 9453
6 3860
2 196
6 309
2 1934
3 9987
5 2638
5 9226
6 5403
2 9439
1 8933
5 9273
6 9824
1 799
1 7020
2 7094
5 7890
6 36
4 226
6 6863
6 3657
5 5909
2 6145
2 281
6 9262
1 2840
1 1635
5 8729
6 394
6 3988
5 3377
6 205
6 5968
6 3270
6 447
1 9315
5 887
5 6310
5 3560
1 7359
1 7872
6 9572
2 6112
5 9950
2 653
4 232
1 4374
1 1042
6 4787
6 6207
6 4332
5 5222
6 6524
3 6973
1 85
2 6708
2 1663
1 6609
5 8217
1 9105
2 848
5 7202
6 4704
2 3959
6 2591
2 7121
2 6826
1 8043
2 9251
1 5934
1 843
2 2669
5 503
1 5645
6 1362
5 7276
5 9221
6 4513
6 7365
6 7731
5 8942
6 1127
6 8000
1 6288
5 4380
1 9541
2 7940
5 996
4 243
1 8380
6 5351
6 5556
2 1103
6 1944
1 1945
1 9468
1 9469
1 8648
2 9046
6 8215
6 5794
5 6448
1 2331
1 2495
1 2754
6 7780
1 9979
6 6661
2 9630
6 9221
1 5822
6 4259
2 4752
5 9892
1 5850
4 676
2 7910
1 7841
5 6048
3 8837
2 3083
6 289
5 6515
2 7858
6 8390
6 3476
1 7817
1 5341
2 5734
2 716
5 5663
2 8290
5 5547
1 8418
1 5839
5 3817
5 2837
6 4879
2 298
5 1592
6 5681
6 5653
1 776
1 9435
2 3971
5 6700
2 272
2 9543
5 9595
5 5190
5 5582
5 3766
5 3961
5 8470
4 607
5 7377
1 3561
5 7468
6 1563
1 4201
2 1009
1 1929
6 9890
2 3275
6 4222
2 3733
5 3683
5 8378
2 2112
5 1522
5 6002
6 8082
5 5635
5 5572
5 7260
5 2862
6 3436
1 9493
1 6180
2 4985
6 2069
5 2789
2 1574
5 845
6 8713
6 3957
6 2126
5 9163
6 9555
1 9785
5 2452
2 7620
2 6890
1 5780
5 8396
6 5055
1 7993
2 7429
1 7645
1 1052
2 596
6 1567
2 8114
1 1708
2 1822
5 1390
1 3745
1 2453
2 2859
1 5538
1 3209
1 6014
6 6810
2 196
6 8705
1 334
2 6164
5 171
5 2224
2 3007
1 5247
6 1331
2 1649
1 2991
5 9519
5 1614
1 4579
5 2320
5 5487
1 7648
5 410
2 6149
1 7433
6 6436
1 7280
2 2848
6 2749
5 663
6 7626
5 9360
6 6555
2 5134
1 3426
6 8409
6 6179
2 3669
6 1717
1 9867
1 2060
5 3864
6 6920
5 459
1 9644
5 1643
5 3412
2 4321
5 5939
1 2966
5 4153
6 3553
6 9950
2 7853
6 9456
1 8488
1 1791
6 2543
1 8714
5 127
1 4633
6 5814
2 9267
3 3186
5 8933
5 615
2 7848
5 5589
6 4968
6 260
2 5089
6 5436
1 6273
6 1617
1 2427
5 5098
1 1750
6 2239
2 808
6 345
5 9017
1 2408
3 2331
5 7709
6 489
1 3695
6 4141
1 8792
5 5869
3 2251
5 7880
5 9674
6 868
1 9584
6 4247
1 5736
6 6795
2 3818
2 2801
6 8384
2 3535
3 6180
6 7824
5 1195
2 6714
5 9101
2 8069
1 2216
3 6837
6 1137
2 7518
3 2589
6 5356
1 9789
1 8723
5 8917
5 2629
2 7010
1 6873
2 2582
1 2921
5 8870
1 7626
2 2529
6 9274
1 3814
1 8444
2 5049
6 5043
2 8437
5 8181
2 8024
5 4148
1 3539
2 1403
2 2521
6 784
2 9253
1 6776
6 499
5 6737
5 2656
5 1001
6 8762
2 1827
6 2139
2 2357
6 9498
6 9346
6 4030
1 5594
6 9137
5 9009
6 1344
2 85
5 3419
1 7350
2 1461
6 7047
2 466
2 7127
2 301
5 7786
5 9971
2 1745
2 4989
1 427
6 2496
1 7582
5 8030
3 8269
3 4569
5 333
5 4705
1 6735
2 9705
6 9615
6 8664
5 3958
4 545
5 5224
3 9659
1 3254
5 6921
1 1736
6 9132
1 8383
5 5775
1 8631
2 9384
1 2613
2 1263
2 4463
5 5813
6 7439
6 1687
6 8158
6 7661
1 3416
3 3250
5 3246
2 8021
1 4072
5 7369
1 298
5 1375
5 2241
4 143
5 7995
2 140
5 3771
2 1009
5 6767
5 1803
1 9164
1 971
5 1044
6 5288
2 4961
3 6041
6 2585
2 8147
6 7139
1 8433
5 3037
1 8539
5 5122
6 1196
1 9810
1 2421
1 6541
2 2065
2 5687
6 7153
5 1015
1 581
1 3783
2 1441
4 92
6 8694
2 8655
1 4320
5 8151
5 8610
5 6111
6 2064
6 9608
1 4557
6 394
6 5373
2 8844
6 4073
1 4978
2 4944
1 9664
6 5801
5 3074
2 2035
2 4822
6 2683
1 8874
5 2649
3 3790
2 7978
6 2875
4 659
5 8510
5 7851
5 9117
1 1561
6 517
2 7410
1 201
5 7938
2 2383
2 4457
6 8203
5 8070
5 8411
5 4410
5 9196
2 3113
1 7554
6 6006
6 2045
1 1960
5 2475
2 2149
6 4226
5 7197
2 6304
6 2690
2 4703
1 4947
1 4496
6 9209
1 1213
5 5097
2 5276
2 7660
5 5202
1 7145
6 7836
6 4248
5 3322
2 358
4 660
1 2262
5 7003
5 1369
5 4973
2 4498
2 6838
1 2865
2 790
1 3686
1 2172
2 4604
1 1988
5 6679
5 6733
2 6215
6 9521
5 5536
1 9092
1 94
6 6839
1 2219
5 2596
5 9082
5 4071
1 2949
1 5737
6 3963
6 4833
6 672
2 8082
6 5489
5 3351
6 4926
5 9033
6 5116
2 4652
5 1834
5 9784
1 898
6 3483
6 2119
2 6391
2 2267
4 567
1 6836
6 6129
6 9162
5 4858
2 1211
2 111
1 1918
5 9167
1 4181
4 619
5 3166
1 3643
2 7214
6 918
5 5709
5 7845
3 5156
5 7715
6 4107
5 9894
5 6709
1 3892
5 1689
1 3618
6 1286
6 3113
5 4861
6 4774
6 9039
5 4567
1 4870
5 2495
2 2267
1 2121
2 3705
2 1688
2 3141
5 7913
1 8518
1 9590
4 694
2 4057
1 9564
2 8685
6 4864
5 12
5 8525
2 181
2 842
2 832
6 8388
5 1290
1 1949
1 4810
5 4886
1 9975
5 8423
5 2831
6 9125
5 1815
6 1933
5 7221
5 4025
5 1322
5 4909
1 6496
6 221
6 1381
5 2803
5 94
2 4343
1 9187
2 7233
2 7297
5 7658
5 1576
3 9093
6 6073
5 4039
1 8801
2 1810
2 6738
5 7830
5 6898
5 6938
1 8894
2 5606
6 2526
6 4935
5 1952
6 3836
2 1908
1 5983
1 7953
2 9159
5 5599
5 9427
1 9891
1 6981
1 7157
5 2253
5 2611
1 8033
5 418
1 6701
5 5531
6 7984
5 9322
1 520
1 2381
5 8569
1 8129
2 1217
1 7409
1 3428
5 3352
1 7457
1 6729
5 1431
2 4398
6 7626
5 4866
6 8948
1 2780
2 7578
2 6125
1 8378
5 5927
1 2107
2 4639
3 5850
6 9816
1 1440
4 163
5 742
1 9244
1 8759
2 1627
5 7431
5 110
6 7443
6 6479
6 4554
1 5422
6 4107
5 2014
6 8385
6 5477
6 7505
1 7146
6 1312
2 6012
6 7916
6 754
2 4188
2 8033
1 2509
1 5670
6 2620
1 7387
2 1590
5 8654
6 9230
3 2468
1 4728
2 756
2 3492
2 5545
5 5059
1 5595
2 3443
2 7079
6 4771
6 5349
1 9241
6 8988
2 1185
1 4801
6 7906
2 7085
6 460
2 1931
3 1929
2 8602
6 8695
5 6942
2 9824
5 5998
5 9680
5 3642
6 3774
5 3120
2 4034
6 5571
1 6915
6 2869
5 1319
1 4309
5 6646
5 8257
6 5323
2 7195
2 5729
6 8996
5 8043
2 4466
1 8568
1 9083
2 5000
2 4244
2 6167
1 8735
3 8131
2 1156
5 6480
5 5501
2 3456
5 2611
5 1576
6 2641
2 36
1 5464
6 5538
5 2532
6 1945
1 9459
1 9530
1 1254
4 367
5 4821
6 8241
5 4868
1 1977
1 3809
4 341
2 7592
5 9429
5 2424
5 4937
5 3716
5 4656
2 6145
1 5218
1 8025
5 8764
2 207
1 4636
6 15
5 949
2 3524
2 6806
5 2675
1 7447
5 1970
5 8788
1 3195
1 4779
5 103
5 8880
5 1018
5 9961
2 636
5 5210
2 4492
1 3136
2 5365
2 2011
2 4653
2 3925
2 7545
6 1785
2 4885
6 7846
6 5130
2 9313
5 1917
2 9958
1 9762
2 1608
5 6031
6 2334
2 2326
5 3112
2 1202
5 2538
1 2363
1 6456
6 6606
6 6092
6 881
1 6237
6 2776
2 7811
5 268
6 1340
1 858
2 5722
6 9915
5 9185
1 2021
5 7504
1 3092
2 6376
5 7771
1 8205
5 7448
1 2218
1 7508
1 3959
6 2204
5 2845
2 1129
2 5141
1 7072
6 8061
6 3527
1 9424
5 2361
1 5862
1 6708
1 2857
1 4488
1 2615
2 91
5 2693
5 9162
6 2438
2 34
2 2789
6 3292
2 2699
1 2020
1 6064
2 5239
2 8220
2 1043
5 1392
1 1362
5 6917
5 4319
3 2288
1 7978
2 442
1 728
6 6712
1 7022
2 3771
6 8568
5 2911
1 2437
1 9442
2 1781
5 5072
5 5033
6 7118
1 7290
2 4900
6 6700
5 7835
5 1609
1 1093
6 8596
6 6373
5 3775
6 1504
5 4351
2 1781
6 9308
5 7972
5 4272
6 7623
5 6083
1 2956
6 479
1 9306
5 7536
1 7121
2 1572
6 2386
2 1828
1 4967
2 5900
1 1072
6 161
1 2699
6 5244
6 1481
6 2331
2 1721
2 6734
1 8680
5 9234
2 814
2 1432
1 3203
1 7480
1 8651
1 2978
2 3929
1 6638
1 7551
1 9447
6 4891
6 8794
1 4603
6 1081
6 6738
6 5513
2 5159
6 411
4 89
6 1311
2 6820
6 1205
5 6040
2 7374
5 7719
1 6399
2 491
2 3383
6 117
1 377
2 1852
6 6063
6 9360
2 7360
1 4355
6 7754
6 2594
2 1582
5 7347
1 7770
6 6261
6 3632
5 8057
5 2585
5 7544
1 4093
6 5492
6 1772
1 285
2 1331
5 4055
5 4793
2 7524
2 5299
1 8305
6 461
4 420
1 2206
5 8223
6 6162
1 7123
5 8844
2 9405
5 7
6 9487
2 3155
6 7489
5 4766
6 8566
2 3949
6 1480
5 5454
1 4809
1 4631
5 7946
6 7643
1 42
1 2802
6 7653
2 1585
2 7160
1 9456
6 5977
5 7444
6 1950
6 7067
6 575
2 9702
3 156
1 3895
2 4067
6 761
1 2389
1 9380
5 6420
2 4890
6 8591
2 7362
5 7769
6 4285
5 7370
5 6577
5 6632
2 8297
1 4432
2 6101
1 4878
2 8472
6 35
1 8234
5 5401
2 4388
5 3437
1 9886
1 9501
1 815
2 2659
5 7955
5 1514
1 1125
2 3669
2 8199
2 7364
1 2125
6 4869
2 1708
5 2058
5 4894
5 722
5 2444
2 757
2 8852
6 8799
2 1777
2 5018
2 5432
6 6388
6 587
2 2650
2 5290
5 9483
6 4989
5 9090
5 2683
2 81
1 4541
5 919
4 598
6 1564
1 9910
1 8719
2 605
6 8822
6 8986
5 1480
6 3018
1 7402
5 4326
2 6839
5 7504
1 7333
6 4802
5 1955
5 3023
6 6837
6 6856
3 7872
5 1711
6 225
5 5358
5 8000
2 3765
2 3522
2 9873
4 607
2 4080
5 271
1 8959
1 6314
6 7615
6 1444
5 8639
1 1375
2 8613
2 6830
6 8498
5 9119
2 9071
1 9429
2 3013
5 5224
5 4503
6 4703
6 4615
1 7890
2 5487
5 3702
1 9823
5 3078
2 165
6 119
6 9199
2 1538
1 9372
2 6940
1 7891
6 7222
5 6480
6 354
3 9590
6 8498
1 9874
2 8994
6 7700
2 3158
2 1586
1 8649
1 7060
2 2384
6 7772
2 1477
2 599
6 1951
1 8664
2 9906
1 7
1 3357
4 241
6 380
6 8980
1 2110
2 8384
4 713
2 4190
5 4920
2 2424
2 7182
5 3022
5 1732
2 4167
6 9941
5 1855
6 8071
6 6380
2 9018
5 3624
1 1658
2 8050
6 6335
2 5010
2 3136
5 9826
1 1470
6 2041
2 5052
6 6108
2 314
1 4279
5 241
4 831
1 6318
2 7893
1 5537
2 5926
5 6688
5 3879
5 8556
6 8343
5 8172
6 9003
2 3927
5 536
1 2310
5 4672
5 3379
5 2129
1 1733
5 2416
6 9805
1 1782
2 133
2 5311
1 5376
5 7906
6 3586
6 6188
6 76
2 7809
5 9625
1 7434
2 8475
1 5792
6 2717
1 7337
6 6088
6 8062
2 8746
2 2568
1 4078
5 7109
5 8045
6 2203
4 655
2 7391
2 6034
6 930
2 363
1 9172
1 378
5 2698
1 8475
2 8312
2 9333
2 8475
5 1089
2 1680
3 4254
1 7596
2 879
6 5982
5 9470
6 2214
5 8070
2 1113
1 5295
2 8029
2 9731
1 1010
2 2399
6 1205
1 7154
6 9130
6 4983
5 2809
1 2774
1 5876
5 3171
2 3921
6 9460
6 3049
1 7788
1 2486
6 1399
1 414
2 4028
5 4896
1 8235
4 200
6 6848
5 9789
2 5086
6 9292
5 9006
2 9212
1 662
6 4029
4 172
1 1920
6 9203
2 4858
6 2379
1 832
5 8385
5 6110
2 8882
1 6506
2 6290
5 3830
6 2301
4 792
6 955
6 6074
5 7538
1 710
5 6190
1 7857
5 9361
1 7173
1 6086
1 6753
1 3325
6 1097
5 187
1 6352
6 7775
2 6474
2 3649
6 7011
2 4979
3 8973
1 4909
1 614
2 5529
2 7815
2 8624
2 4270
5 9790
2 9573
6 332
2 2172
1 1607
6 4501
1 2708
6 2153
2 6799
5 643
1 8486
6 4717
2 4075
6 2054
1 8633
3 9429
6 9381
6 3646
5 9911
6 2928
2 448
5 3974
6 5872
6 4296
6 2320
5 1726
1 3715
6 5569
2 1577
1 630
1 1379
5 8133
1 9627
3 539
5 45
1 6572
6 3179
2 4359
1 1035
5 6105
5 63
4 8
1 430
5 307
2 6323
5 8262
1 1039
2 1540
1 7981
1 2571
2 1815
6 1222
6 8534
2 7812
1 6125
2 2271
1 7315
2 2972
5 5277
6 2772
2 9875
2 4678
3 382
2 2306
5 2396
2 1870
2 5729
6 608
6 350
5 3103
5 3009
6 2744
5 9657
5 2141
3 94
1 5219
5 4073
5 4481
1 4834
2 169
2 4950
6 3530
2 2861
6 7543
5 1138
1 883
6 1072
6 9703
1 2398
5 1930
2 3150
4 285
1 9103
2 3501
1 917
1 96
6 551
5 9640
6 4331
6 4376
6 3455
6 7262
5 9357
2 2386
2 2777
1 3192
6 1901
2 7665
5 867
5 5359
1 4896
5 339
2 4112
1 2652
1 4333
6 4087
1 9949
1 1287
1 2356
2 3942
5 6061
1 6607
2 704
2 7737
1 2316
5 1266
5 5210
1 1048
6 7930
1 8059
1 8752
5 2001
6 4341
1 8867
2 6895
1 6468
1 5388
2 5867
6 7872
4 692
5 9077
1 9531
6 7774
6 9376
5 9797
5 875
6 5709
6 4676
5 5879
5 1392
6 3344
5 3028
6 2085
5 9174
2 4005
5 1056
6 9813
5 883
1 2499
6 6811
1 5802
2 7088
5 5171
6 2940
5 6756
5 7268
2 792
2 2140
5 8666
6 8362
5 7453
1 6176
1 7979
1 1028
1 3326
2 7192
1 8265
5 402
1 7902
6 2446
1 6666
1 4082
1 1721
1 7559
6 428
6 2441
2 2451
4 476
1 1183
6 5953
1 6777
1 5257
2 7580
2 6693
5 1014
6 4445
1 6154
3 1960
1 9236
6 5271
5 4938
1 5082
6 43
1 5755
3 2349
2 2255
6 615
2 8881
2 8301
6 2268
5 7062
2 4684
2 2661
5 1934
2 1165
5 6158
2 5204
2 2095
2 9979
5 8266
4 17
2 9214
2 4182
6 4476
5 1710
6 1621
6 7258
2 3698
1 5661
3 2735
5 4199
2 1575
1 7912
1 5217
5 7637
6 5350
2 90
2 9757
2 6409
2 6504
2 8034
6 9874
6 5558
5 688
5 2863
1 1970
5 3536
6 9542
2 351
5 8859
1 162
2 1399
2 796
2 5811
2 8948
1 2915
5 8660
5 2108
1 9073
2 2746
5 123
6 4991
5 2096
5 742
1 6868
2 5237
2 6009
2 505
6 711
1 9203
1 1925
6 2818
2 9870
5 8752
1 477
1 6606
2 2736
5 5220
1 8358
5 2704
2 4824
5 9304
6 2776
1 8554
1 5450
2 3400
6 9117
1 7003
1 8244
3 1462
2 9486
1 2481
6 509
6 7281
5 6200
1 2647
6 1554
3 1375
4 352
6 9099
6 5416
5 8713
2 1053
5 6192
5 5347
6 297
1 2076
6 8608
1 1397
5 4187
6 1753
1 8409
5 2882
6 182
6 2068
1 7803
1 3679
6 8694
2 1437
2 10
6 5566
1 5329
6 9076
6 2898
5 4774
4 257
5 6025
6 9291
2 6958
1 7135
6 9971
1 5549
1 5310
2 4993
1 2547
2 2243
5 6188
2 4757
5 8684
5 2589
6 6770
5 7324
1 496
1 4198
5 6425
6 550
2 2097
6 4029
5 6554
5 8248
5 7272
5 8587
5 8164
1 6996
5 9003
6 7944
5 7061
5 4178
1 4495
6 8887
5 8255
2 2170
5 167
2 1405
2 2690
5 433
5 6686
4 515
1 4722
2 4971
1 7507
1 7519
4 904
5 9370
5 3754
1 405
1 5791
1 6870
1 426
1 534
2 1053
5 1032
5 4929
5 2704
5 1999
1 6467
1 7112
1 1006
5 226
6 4025
2 1202
5 7966
5 83
5 8375
2 6196
2 9134
2 7078
5 4336
2 9642
5 4438
5 4304
1 7557
1 5844
2 8611
2 6824
6 7570
2 3444
5 6925
5 7256
6 7724
2 7830
6 2246
1 2989
6 5643
5 257
1 9356
6 721
2 4111
5 1047
5 440
5 2367
2 5807
1 7849
5 7810
2 9251
5 2413
6 2862
5 4150
6 7934
5 6965
6 2318
5 9154
6 2988
5 1480
6 2896
2 9976
2 4097
1 5683
5 2944
1 3664
1 679
2 9627
2 3134
6 5764
4 943
5 9463
6 1954
1 2804
5 7183
2 2521
5 8178
6 4703
6 5343
2 7562
5 6966
6 7590
2 8080
6 3611
6 327
2 6697
6 3831
2 716
5 6675
6 750
6 4083
2 1649
1 9985
6 5878
6 5539
1 4571
6 5813
1 657
5 1935
2 6559
2 9170
5 1944
6 5738
5 4353
5 8764
2 8455
6 8885
2 6271
1 3985
1 5451
2 3324
3 6864
2 163
5 5749
6 7922
1 2469
2 1870
6 6480
2 7758
5 8640
6 461
6 2713
6 5910
1 1014
5 4496
6 7476
1 4474
6 6893
2 3315
2 55
1 6074
2 3825
5 5121
2 1781
1 2575
1 2333
2 8039
5 3964
6 9362
1 6407
5 1564
6 4954
1 5474
2 2813
2 7140
2 4424
5 3701
5 8085
2 8199
6 5926
5 7966
1 4000
2 961
1 5280
6 6918
2 303
1 8185
6 4651
1 5657
1 2271
1 9376
5 1604
2 9267
5 3742
5 3655
5 1647
6 7803
2 8770
1 8591
2 90
5 9549
1 6040
5 372
5 9277
2 1630
2 1779
2 7074
2 5006
6 2591
5 7125
1 4913
1 5147
6 6553
1 3729
6 3288
2 4216
6 6748
2 4
2 60
1 1762
6 1019
2 335
6 45
4 368
6 2316
5 6387
2 1539
2 8587
6 3393
5 3134
5 5363
5 8407
1 1985
6 6275
5 6605
6 8691
2 8602
5 2557
2 5914
5 3498
6 8619
2 2108
5 9826
6 5766
6 7050
5 6562
2 9167
2 8984
5 712
2 2609
6 1429
5 6521
2 3573
2 3318
1 2367
5 913
1 9895
2 8397
6 126
2 430
5 5591
1 5095
4 109
6 9312
5 7482
5 4663
2 9191
5 7165
2 8608
6 9679
6 5047
6 2783
5 1319
6 5199
1 6581
5 1710
2 9405
3 5082
2 5927
5 376
5 9675
2 8532
1 4094
6 6926
6 9480
6 3620
2 5363
2 8150
1 2777
6 6239
1 1004
2 2394
1 5100
5 6778
1 2181
2 5332
3 6468
6 8391
5 9704
5 7026
2 5472
4 119
1 4497
5 3736
6 6090
2 4013
1 1359
6 7977
5 7228
3 3664
1 4302
1 7495
2 5287
4 73
2 3498
1 1059
2 1931
5 9692
1 6813
1 2439
1 7028
3 2613
5 6770
5 1977
6 3006
2 8842
1 2999
2 4191
1 1705
1 3652
2 4402
2 4150
2 2339
3 604
6 3717
1 3999
5 4253
3 2558
2 4210
1 358
6 337
6 3324
1 1104
1 4807
6 4703
4 715
1 4308
5 616
2 2975
2 704
6 6631
4 194
5 7298
6 9792
1 3025
2 5930
4 432
2 1239
3 6506
1 6764
2 865
2 3004
6 1015
5 7702
2 2832
1 420
1 3733
2 9736
2 5513
6 1242
6 3806
6 8779
5 2608
5 1416
6 8404
2 1031
5 1689
5 9461
6 2220
6 3975
2 7988
5 5493
1 1080
6 6932
6 9374
5 5374
6 3449
2 9003
5 2921
3 3086
5 7815
2 7772
5 8509
5 7282
2 8739
6 3400
1 2090
6 7995
1 8030
2 1238
6 6735
4 1005
1 4741
5 7268
1 7151
2 5303
4 384
6 6158
5 2336
1 5362
2 3066
6 7584
1 8612
2 1209
1 1740
2 5247
2 6571
5 2318
6 8898
5 6100
2 8777
2 8080
5 7851
4 204
2 4041
2 8993
2 2632
1 5763
6 7835
2 2674
2 9306
5 110
5 1592
1 5411
6 9440
1 4325
5 4533
1 9787
6 5624
6 5753
1 3449
2 2759
1 6431
6 2223
5 2468
1 1512
2 7729
1 7707
5 245
6 3129
1 4059
5 3955
2 4040
1 3648
5 7914
6 4204
1 6577
2 9241
5 9108
2 5876
6 4231
2 6536
5 5671
1 6077
6 5904
2 8464
2 7820
1 7547
1 5434
2 9170
5 6934
1 2988
4 183
2 7009
1 9647
1 9653
4 787
1 6400
1 8220
5 9154
6 1890
1 6301
6 1855
2 3357
1 59
6 4645
2 9965
5 9311
1 5186
2 8712
1 1479
2 5897
2 1662
6 2330
2 7142
5 136
1 2813
2 4572
5 1618
1 4163
2 3279
1 805
1 2569
1 6748
5 8954
5 3257
5 4610
4 295
2 7473
1 7885
2 7536
5 1695
2 7946
5 6361
5 2932
2 6510
6 9050
2 9616
5 2217
2 7634
6 5830
6 2525
6 6164
6 1087
5 4479
2 1744
5 5112
6 9645
1 9511
2 5341
6 8117
5 1444
6 7241
2 3246
6 214
5 7630
2 1551
5 1504
1 8910
6 2952
6 7715
5 1839
6 472
6 249
6 3880
5 7747
2 2470
2 1840
1 5304
2 1296
5 9287
6 7351
5 6021
5 1348
2 7874
5 2862
5 7842
2 6961
6 3545
2 840
5 8047
2 7279
6 6603
6 8227
2 3786
5 6397
1 387
5 2826
6 6254
2 9817
1 8402
1 2845
2 5933
1 1269
5 2345
6 1935
1 3816
5 5915
2 3452
1 6509
5 549
5 944
2 5563
2 7437
6 6505
1 3339
2 9258
3 3264
4 727
6 6710
6 5327
2 6080
2 7362
5 7734
5 2059
5 5768
1 7761
1 7027
2 8684
5 9930
2 4449
2 4407
2 8238
5 6239
2 2044
2 6891
2 5161
2 6123
6 4445
1 2787
6 3174
6 8492
2 3761
2 2789
6 3157
5 4978
5 5085
2 1691
3 4374
6 8661
2 4386
6 4305
6 9958
1 6555
2 8749
2 2680
5 5053
5 1444
6 1713
3 2604
5 2931
2 6465
5 6462
6 3830
1 7117
6 5196
6 3537
1 9682
1 8434
5 2555
6 7441
2 2569
2 3636
1 6296
2 6846
5 1631
6 1291
2 3321
2 6147
2 8233
6 9859
6 4685
2 6779
2 3504
1 7976
2 6127
2 3560
1 2694
1 3876
1 4089
6 4378
1 3949
6 6416
5 9088
6 6450
2 8055
6 2706
2 4854
1 9539
6 8591
2 8270
1 3153
6 1401
5 1732
6 3138
5 7180
2 3825
5 804
5 6572
5 5423
6 5572
5 9039
1 5316
5 3653
6 260
1 2700
6 2487
5 4680
2 7018
1 913
6 7784
5 7211
3 2935
6 1917
6 7133
6 1727
6 236
5 3008
2 4759
2 562
2 1695
1 4748
6 6785
1 9734
2 3351
2 763
6 8590
6 328
6 3560
2 5729
6 3215
4 522
2 8056
6 1975
5 631
5 9486
2 7242
2 6407
5 6315
5 3515
6 2061
5 5469
1 5873
2 6427
1 6100
2 9435
1 460
3 8832
2 5422
6 3063
6 522
1 5173
3 3264
5 4383
6 7977
6 1509
1 8007
6 3474
2 1629
5 8331
6 256
2 3333
2 4894
5 6385
1 9825
6 9984
5 4495
2 7927
6 3179
2 8861
6 8902
4 661
6 5599
6 5734
6 2634
1 1650
2 85
2 1880
6 7833
1 191
1 7128
2 2813
6 7301
2 2934
6 691
6 1905
1 3181
2 9147
2 2504
4 949
5 6564
1 3719
6 2573
1 4277
1 3794
1 8725
2 4540
3 3463
6 7671
2 2806
6 7622
5 2788
6 5688
2 6052
2 5834
5 5213
5 6652
2 4195
1 9650
2 6975
5 25
4 316
5 1252
6 1264
4 741
6 4821
6 8465
5 215
5 4797
3 8287
5 5554
5 3566
2 7537
1 1089
1 6490
5 8346
6 6072
2 4231
6 4506
6 7142
2 1949
3 5755
2 7040
1 1562
1 5208
4 214
2 647
1 6450
5 9263
6 2528
2 6124
2 3996
2 1266
1 553
6 4220
4 815
5 1197
1 1317
6 4152
2 2506
1 821
2 940
4 712
1 6832
6 4963
1 8022
5 6955
2 4954
2 2534
6 9204
5 3948
1 7092
5 2839
2 9326
5 1611
2 4887
6 2801
4 487
1 3709
2 4918
6 3110
5 9787
5 8528
6 1412
1 6654
5 629
6 8240
5 8209
2 1436
6 887
1 1132
6 9517
2 7107
2 4041
2 5572
5 3911
2 7835
5 937
6 8580
5 4256
5 3943
2 949
1 6690
6 4675
1 7634
2 2902
5 4516
6 1414
1 4590
5 8733
5 3480
5 2048
2 9659
2 7969
5 4862
5 9400
2 867
3 4978
6 3839
5 9620
6 4404
5 2108
5 7710
2 9083
6 5887
5 2760
6 4778
1 7632
3 5754
5 2441
1 7069
1 1806
1 4856
5 2474
2 6058
3 5934
1 7903
3 9787
6 6853
2 2713
2 3977
1 3367
5 122
6 4797
2 5362
5 4006
5 7987
5 743
5 6300
5 4030
5 9390
6 9853
2 3218
6 9628
1 914
1 5502
5 3738
5 4090
5 68
2 7768
3 7879
6 5399
2 1770
1 2564
5 3862
1 6360
5 2909
4 1005
5 407
6 1494
6 2780
1 3478
1 7854
2 3408
5 2118
6 6401
2 186
1 3513
1 9816
6 6994
5 5177
1 4050
4 70
6 2853
2 4874
2 4497
5 7011
5 1563
1 8271
6 3465
2 3866
6 2810
5 3008
2 1329
6 9356
6 3348
4 1106
1 3611
5 511
2 7057
6 73
1 6199
5 1563
4 1104
5 3532
1 5346
2 3986
2 6078
1 963
1 9461
2 240
1 6924
5 7478
2 5060
1 5902
1 7418
1 8980
5 3212
5 304
5 3267
1 4424
1 4363
1 7274
6 2531
2 635
5 7226
4 906
5 986
1 3749
2 5501
1 6853
5 8311
1 645
5 4767
6 286
5 111
6 7382
6 785
2 1796
5 8669
2 580
5 5645
1 9628
6 2051
6 8612
2 2464
6 7516
2 8581
1 1495
6 7949
6 3772
5 3977
1 2937
2 9476
2 9313
2 6032
6 6551
6 8471
1 8253
6 9420
5 1957
1 7952
2 6813
2 468
5 32
6 3373
6 3126
5 7261
6 8401
5 3867
5 8346
5 759
1 7783
2 7777
2 2305
2 2236
2 9811
4 742
3 5850
1 107
6 5592
3 9656
1 1297
6 2537
6 1460
2 9082
5 3643
1 8445
5 4018
5 2306
6 6044
2 9292
1 1923
2 6282
2 4273
2 7577
1 8879
1 3307
1 7748
2 4382
2 5959
5 958
5 4356
5 6463
2 7452
5 2141
5 4225
5 2010
5 4118
1 1758
6 2945
4 442
6 6375
5 4837
5 4212
1 7751
5 8143
2 4663
4 372
2 6695
1 5788
3 875
1 6221
1 9744
1 4975
5 9474
5 2116
6 7673
5 9266
1 9034
6 7378
6 8613
5 6570
1 4573
3 9288
2 2860
5 5680
6 9370
2 3233
5 3685
5 9023
6 8658
2 6436
4 1
5 6568
6 5098
6 2614
5 8088
2 111
2 5294
3 2311
6 4140
1 1704
2 9641
2 9437
6 9443
1 7221
2 5173
2 1692
2 7290
5 8296
5 6523
5 8978
2 5096
5 558
2 1426
5 8421
2 6659
2 7265
2 3582
6 4011
5 4180
5 7041
5 1045
5 6319
2 5484
3 6095
1 2059
6 5586
1 456
5 2003
1 2756
1 8892
5 4331
1 6470
2 1104
1 2195
1 2415
2 1789
5 2399
5 7707
4 1224
6 1240
1 9406
6 1258
5 8413
1 2210
6 3423
1 5630
1 6841
6 9400
6 8315
2 9366
2 92
3 4308
1 8542
1 4172
2 2455
2 5963
5 7467
2 6893
4 1005
1 5715
2 3851
1 2537
1 1194
1 2284
5 9362
6 9216
1 2578
6 3686
5 129
6 7422
1 9041
2 9630
1 6309
1 9107
5 6794
5 6963
1 4752
2 1219
2 9964
6 9227
6 3942
1 3983
4 1167
2 2604
6 4581
1 9755
1 6451
5 5874
1 4568
2 3252
5 2724
6 9218
2 4785
6 2379
1 4151
1 9802
5 7082
5 485
6 330
2 3324
1 3131
2 4451
5 1423
2 2254
5 4104
6 9287
1 6840
2 921
6 3497
5 3737
2 3940
5 3239
2 3509
5 5442
5 4005
6 3858
1 1400
1 5575
1 1887
1 6696
1 5543
6 7311
5 8683
1 9557
6 4629
6 3674
1 1722
2 11
5 2238
2 7174
5 5985
1 3136
5 8020
6 7438
1 7837
2 7078
1 4865
2 3446
1 2887
6 8643
6 935
1 9532
5 5853
1 6523
2 779
1 1451
6 7485
2 9290
6 8135
5 5136
6 1790
2 4493
2 3065
6 476
1 2690
2 3903
5 119
6 2597
2 7440
1 3384
5 9381
5 365
5 6886
2 556
2 5088
1 9562
2 6596
1 195
5 1869
2 6947
5 1056
1 9698
5 5737
2 9309
2 7411
2 3865
5 9829
2 610
5 4018
1 9098
6 2433
2 8344
5 8656
2 3348
2 6903
1 8948
1 8243
2 9578
1 2546
6 6708
6 4940
1 9607
6 2828
2 4448
6 8511
5 7258
6 4893
1 9159
1 8386
2 5991
1 2103
2 6806
1 4527
1 540
2 3650
2 8657
1 4605
5 9014
2 7811
5 5603
2 2097
1 9801
5 783
5 9396
5 1316
5 7090
6 522
5 1909
2 6728
1 7454
1 1546
6 2409
2 2644
1 6561
3 9531
6 8474
6 8750
1 4341
2 7600
3 1410
6 129
1 4857
1 8662
5 5815
5 5977
5 9203
1 4591
1 5014
1 2242
1 4289
2 8169
1 8064
3 5180
3 4059
4 99
6 7814
2 2669
5 1504
6 52
5 5329
2 5516
1 193
6 6922
6 3845
5 1838
6 859
5 3812
6 5927
6 2647
1 6660
2 405
6 3711
6 477
3 7133
5 8188
6 7486
4 1160
6 3750
5 2882
6 2821
6 5143
4 1060
1 9591
3 1039
5 7577
6 5116
4 199
5 2292
5 7785
5 8610
2 5485
1 6855
5 6609
1 7261
1 3846
2 8999
6 6680
2 1541
1 6211
5 3743
1 634
2 203
1 7778
2 8401
5 1575
6 3129
5 4942
6 3759
1 9404
1 7466
2 3317
5 865
1 6414
5 2574
5 2876
6 5096
6 1319
6 9529
1 116
6 8514
5 5245
1 5505
6 5336
6 9296
1 4318
6 3053
3 2198
2 3833
5 9315
5 1651
6 531
2 8506
1 8855
3 2076
5 2263
1 9858
2 8620
2 5443
6 3039
6 3834
5 2905
6 7890
1 726
6 7958
6 1654
1 4628
1 9039
2 4364
5 4360
6 9582
5 723
1 3955
6 1000
4 552
6 3042
6 977
1 8348
1 3640
6 2683
6 2860
1 1113
1 4988
2 7998
5 224
2 5443
2 1931
5 4321
2 5573
1 2006
1 3371
5 5275
2 9015
6 2304
5 581
4 236
2 5965
6 3578
6 5057
1 1197
1 5893
2 8219
2 5893
5 7822
2 4551
1 2834
4 1012
6 716
3 9459
5 5313
2 2859
4 1087
2 4743
2 8463
2 1248
5 4954
6 9936
1 3660
6 6399
6 1075
2 7288
2 3612
5 1309
2 7702
6 6376
1 400
1 5112
6 6398
2 3742
5 7716
6 1849
2 4564
5 4034
5 5444
4 189
6 7064
6 9953
6 824
1 9838
3 2774
2 1219
1 6745
2 7955
5 3049
5 1531
1 524
2 2476
5 4193
5 3176
4 230
1 1008
6 7666
2 243
2 9561
2 3371
2 3335
1 1941
6 6618
2 4230
6 8657
1 9629
6 6495
6 7003
6 999
1 5617
6 6946
2 260
5 9898
5 5766
1 2741
1 999
2 312
5 9579
6 514
5 7918
1 1689
5 5276
2 5750
1 2930
1 5390
6 2742
6 3544
5 7341
2 5753
2 1622
1 6854
2 9170
2 9670
5 1616
2 3204
2 6021
2 7098
2 9146
5 5302
5 3682
6 845
2 3013
5 4610
2 1953
6 4329
2 9866
5 1890
5 8542
5 8079
5 9197
2 3944
5 6602
5 9776
1 5131
5 8474
1 2053
6 3056
6 1280
2 394
5 4183
5 7094
1 8861
1 4479
5 5862
2 5302
6 4699
1 2775
2 843
5 1113
6 9627
5 7597
4 1038
6 3177
1 8044
6 9965
5 921
6 877
6 9363
1 7360
6 9646
5 3733
5 5582
5 3524
5 6972
1 6184
3 9656
6 4580
1 6670
1 1318
5 2117
6 1234
1 1391
5 5804
1 4613
5 3776
1 6245
5 1680
6 9285
2 4445
5 6896
2 136
2 6188
2 3329
5 9802
6 2378
6 6799
6 1465
3 886
1 4284
6 957
2 6825
5 145
1 9329
3 5382
1 9898
2 2714
2 268
6 9518
5 8958
1 6238
5 7190
1 4392
2 6940
2 387
5 3561
5 545
5 1476
6 8641
6 6722
2 9936
6 1352
2 6690
6 2878
2 9534
1 8332
6 7679
6 6299
2 5160
2 2142
6 991
1 3160
6 7640
6 2165
5 5534
1 1340
2 9519
5 6743
2 9342
4 60
6 8379
4 177
1 812
1 1978
1 2203
2 8628
2 4975
1 4516
3 4630
1 1600
2 8147
2 6255
6 7602
6 6990
2 2699
6 7665
1 2924
5 8607
1 2931
6 4575
1 1267
2 2753
1 9864
2 6490
3 5849
5 2314
3 6864
6 4015
1 8489
1 4393
6 1735
2 1701
1 5240
5 2925
5 337
5 7176
2 9963
6 4639
3 8235
5 3450
5 132
4 1248
5 9445
2 3992
1 3421
6 2615
5 5498
5 7752
2 1194
6 1679
2 5442
4 1059
5 4285
5 8574
1 1307
1 4028
2 4481
1 8207
5 1416
6 2545
5 4476
6 5616
6 1268
5 4360
6 5449
5 1503
5 9015
2 3657
5 5001
2 6022
1 4660
2 1545
2 5006
1 7733
2 4943
2 5347
1 6260
1 9920
5 1874
5 8641
5 6063
1 1569
2 6148
2 7164
1 2080
5 5750
2 5802
6 9830
5 3925
1 4253
5 9202
6 4839
5 5265
1 1942
5 6727
5 1624
5 4498
2 6474
2 5223
1 8116
6 6772
5 4740
6 3437
6 6773
5 7188
2 2823
1 2843
5 4648
6 8028
5 2617
6 8455
1 6620
1 9354
5 6598
6 3267
1 189
2 156
5 1709
6 8148
5 9501
5 1141
6 2454
5 9979
2 7526
6 1067
5 3620
1 6243
5 1137
2 5618
5 7928
3 4320
2 9837
5 8514
4 921
1 9327
6 8777
5 1213
2 6384
4 780
3 937
6 2259
2 9
6 9938
2 5139
5 6562
5 9574
1 2029
4 630
4 606
6 9614
5 1589
6 3275
2 1913
2 9450
1 7394
1 1533
4 189
5 3951
6 6548
5 9062
6 3279
2 5759
6 2172
2 7433
1 5504
5 8475
4 673
1 8464
1 7449
4 1082
1 6910
5 2474
2 3999
5 916
3 3822
1 5819
1 8971
5 507
1 8480
1 6021
6 2936
1 4113
6 7351
6 5723
2 3988
1 3855
6 8136
1 2204
2 3356
5 6218
5 7380
6 1740
4 1205
3 1661
1 7709
5 713
1 9970
1 8221
1 6662
1 1780
4 207
3 2437
6 4630
1 4445
1 8071
5 3157
6 2029
6 8608
2 3575
2 953
2 465
2 4045
1 2586
3 3892
5 4595
2 1260
2 6141
2 3749
2 1696
1 4387
5 7698
1 9084
1 3248
2 2337
4 929
4 1298
5 7226
5 1455
6 8159
5 8688
6 9937
6 5959
2 8734
6 2174
6 5689
6 9243
6 3750
1 2480
5 4210
2 5845
4 983
5 9295
5 4898
6 3156
6 438
3 2421
2 9534
1 1467
6 8266
4 1074
6 5271
6 3272
6 8176
4 1280
6 55
1 4946
5 5126
4 911
6 5488
6 7567
2 3525
6 1339
5 2723
2 6275
3 6431
2 60
6 9351
2 1145
5 9352
6 5061
5 3824
3 5839
6 4671
6 9760
6 1376
5 9039
2 6280
6 7966
6 1965
5 2144
3 889
2 8384
1 9784
2 9496
1 6537
2 2823
6 4256
5 8568
6 5256
1 517
5 4892
3 8041
6 1373
6 5873
2 9405
1 2105
1 903
6 8362
6 290
6 6716
6 2568
5 673
6 3011
2 3578
5 6199
1 9383
5 9805
6 5538
5 911
5 2899
1 232
6 8605
3 5257
5 582
1 828
3 7645
2 656
6 8938
2 3956
1 9552
4 987
5 8981
1 4819
1 8481
5 2714
6 4091
6 403
6 2420
1 4
5 4916
6 5762
6 4785
6 6056
1 7729
1 6492
1 5501
5 4500
5 3395
6 6094
3 6011
1 7878
6 7550
6 8960
2 3579
1 1967
2 5207
5 5149
2 2059
5 6853
1 4080
4 1061
1 1856
6 1135
1 5978
2 6299
2 4892
3 9430
1 6183
2 7776
5 6391
6 8342
5 2888
5 6257
5 9658
4 911
2 6924
6 1441
2 9332
6 5055
6 1599
6 3462
2 7351
5 1220
2 4946
5 2064
6 88
6 5447
2 4577
6 1836
2 9765
2 4530
2 3866
2 2980
5 1584
6 1893
5 279
5 6804
2 9281
3 7360
2 1934
5 705
5 9058
6 2923
